13.91019 14.96499 12.67144 12.81500 12.79007 12.41239 14.01555 12.96472 14.69349 11.88728 11.36413 13.39476 14.24822 11.61718 13.67982 13.79765 11.46175 13.70579 14.47025 12.61299 13.58801 13.79920 13.69230 14.58586 14.95097 14.91598 11.93958 14.04619 12.65006 11.90719 12.78243 13.27332 11.56715 10.85907 13.99902 12.34243 15.75173 14.19746 13.55716 13.05541 12.11510 12.87977 15.12985 13.85609 13.94417 13.31395 11.01071 13.64113 12.14709 12.97764
10.59591 11.98932 9.72966 10.51353 12.07555 10.73426 12.63844 10.84368 11.71637 9.56813 9.25821 10.23642 12.63733 9.20425 11.40830 10.09587 9.58234 11.56691 12.13086 10.29591 11.10865 11.34878 10.45699 12.18825 11.89979 12.41822 10.06008 11.26274 10.33209 11.63819 10.55218 9.57752 9.40659 8.57282 12.01972 10.95099 13.99990 11.32097 11.55122 9.91043 11.04190 10.94723 11.95071 12.24642 10.13687 11.39240 8.96600 12.01872 10.28625 11.25769
14.93398 16.58117 11.35460 13.97720 12.76875 12.84891 13.03134 12.94975 15.91798 10.57650 11.56586 11.15546 14.39412 11.77011 13.55126 11.36970 10.87709 13.35810 14.46632 11.33701 13.31862 12.40920 12.83908 13.58609 14.99079 14.97610 12.85233 13.15655 11.84479 13.48235 12.49759 12.41839 11.51621 11.17892 13.92118 13.06233 16.81701 14.69205 14.23158 12.98761 12.00198 11.51339 13.42823 14.04467 13.46706 12.08869 11.83464 15.29331 14.09338 14.11322
12.99255 13.19933 10.30875 11.84328 12.05364 9.86186 13.28412 11.11835 13.65680 11.14935 10.70796 12.01173 12.76624 11.01971 11.64001 11.70252 10.20250 12.51063 13.42689 11.60565 12.81045 12.83324 11.78050 12.76137 13.33474 14.33570 11.35155 12.21077 10.57306 11.56484 11.75079 10.76072 10.77387 9.44343 12.70542 10.83512 15.84404 13.21818 11.78891 12.24555 11.07761 10.85632 12.44425 12.82971 11.68963 11.48444 9.78202 13.50948 12.08961 12.12534
12.19577 13.63545 9.93220 11.48618 10.78914 10.95185 11.35844 9.84463 12.97841 9.43002 10.65111 9.31023 12.12855 10.23219 11.16188 9.80378 7.77814 11.93608 13.25411 10.72215 11.96317 11.38340 11.80895 11.21239 12.28088 13.22581 10.91529 11.09610 9.86635 11.21922 10.56644 10.87497 9.78941 9.86089 10.85507 11.32373 15.43940 11.53241 10.88191 11.30614 10.60401 10.31525 11.48776 13.42760 11.94732 11.53244 9.57626 12.47056 10.73835 11.20099
13.59714 15.38269 12.19741 14.87227 13.91503 12.51820 14.86006 13.08299 15.15162 12.13364 11.27898 13.19665 15.16549 11.94031 13.30522 12.61868 11.27295 14.23525 15.23001 13.21955 13.80170 14.01977 13.33486 14.57766 15.03261 15.74601 13.10598 13.21628 12.35590 14.42019 13.13312 13.14439 11.99604 12.61801 14.84576 13.38419 17.66177 13.75228 15.42475 13.58488 14.16648 13.42617 13.88451 15.95500 13.95918 13.96189 11.44434 14.71901 13.88454 14.50532
12.10985 13.66427 10.10959 10.68841 11.15214 10.59875 13.68349 10.34918 12.22571 9.78830 10.00415 10.83915 12.34499 10.23274 10.99860 10.98725 9.90402 11.93382 12.91888 9.59003 13.02911 12.79355 11.94518 13.00741 11.93111 12.88861 11.48459 11.20939 11.75489 12.18167 12.44472 10.12131 9.71280 9.92035 11.29619 11.62431 15.36886 12.09576 12.21226 12.29568 10.39097 11.21754 13.97945 12.45526 12.69252 11.82216 9.89541 12.20953 11.99410 11.71973
14.61654 14.92394 10.54214 11.63500 12.45748 12.10899 14.31163 11.74773 14.32096 11.11965 11.66332 11.95233 14.40556 11.71537 13.55126 11.79820 10.83911 13.46202 14.04676 12.10416 13.98619 14.83043 13.14172 13.68629 14.39033 14.92466 11.08648 14.28460 12.55707 12.55930 13.51375 12.23236 12.15093 10.36825 13.34968 11.77135 16.79325 15.00261 13.11107 13.50933 11.32172 12.52438 14.93226 13.99850 13.94545 13.42307 10.42850 13.51453 12.02816 12.91889
14.90747 15.55476 11.75305 13.08739 13.20905 13.28144 15.47351 13.01117 14.11363 11.21233 11.61143 12.06352 14.39821 13.35360 13.29004 13.26376 11.04872 14.57600 16.00873 12.38731 13.92908 15.23922 14.13422 14.16489 15.88009 15.74265 11.88212 13.24211 13.27279 14.07901 12.65138 12.01375 12.25259 11.30625 14.11669 12.42883 17.45956 13.24426 14.95005 13.95165 12.50434 13.47787 14.07619 14.88506 13.96695 14.32863 12.02820 15.02900 13.39767 13.28288
14.49618 17.18568 12.83864 15.44041 15.17615 13.01929 16.47192 13.89249 17.02071 13.82007 12.46945 13.83713 15.60596 13.82029 14.47112 13.55502 12.26903 15.01505 16.90523 13.53113 16.20557 15.51402 14.93399 16.47496 15.44353 16.64595 13.76132 14.68431 13.84737 14.88148 14.53008 13.96682 12.88438 12.72997 16.11232 13.79350 19.27208 16.79502 14.80139 14.45246 13.10014 14.09769 16.28291 17.19489 15.26907 14.36134 13.63796 16.69154 14.17604 15.66903
13.85288 14.42500 10.52167 12.16856 11.90425 10.20906 13.29590 10.02243 14.42966 10.47561 10.17091 11.59245 13.55801 11.33313 11.20174 12.00969 10.29065 12.68985 13.36937 11.36617 13.38726 12.41256 13.14695 13.06214 13.06732 13.29944 12.32686 11.53164 11.23107 11.38968 12.51796 10.76043 10.21174 10.00958 12.70210 12.20778 15.90960 13.46603 12.60039 12.78691 11.89441 10.86265 13.01010 13.02901 12.39834 11.69735 11.44812 14.05142 13.12963 12.64461
15.33095 16.67437 11.64400 13.83433 14.62819 12.24065 16.17604 13.02266 15.12977 12.81926 12.66010 12.69269 14.64213 13.04569 14.00596 14.54704 12.86022 14.78636 15.51218 13.66014 14.46521 15.23085 15.28471 15.78357 15.53710 15.75204 13.44497 14.42020 14.82836 13.97262 13.70867 13.37192 12.66295 11.73171 16.02280 13.17151 17.83344 16.31189 15.31028 13.89886 12.84823 13.97787 16.69051 15.99312 14.43815 13.16602 11.89364 15.55715 14.68505 14.02589
14.77896 16.45031 11.93408 13.21055 13.03311 13.54043 13.98546 12.40070 15.11590 11.36313 10.96785 11.67605 13.47405 12.09533 12.64187 12.95736 10.34406 13.99676 14.09685 11.87903 13.66827 13.37029 13.40101 13.51316 15.57860 15.41538 12.87442 11.85863 13.40911 13.25328 12.00532 12.54923 11.80860 10.52115 13.87771 13.05383 17.52110 13.61671 14.65119 14.45037 11.57976 12.38863 14.50784 14.17440 13.70301 12.16591 12.02729 15.77884 14.39720 14.03280
12.45766 14.52627 10.39059 12.32750 11.84344 12.02660 12.21243 12.18351 13.12758 10.97995 9.93265 11.13778 12.77738 11.99467 12.00732 12.00947 10.10130 13.11431 14.35754 9.85186 12.13420 13.32496 11.33970 12.76360 14.13895 14.75072 9.93778 12.41231 10.06303 12.27762 10.67484 10.56786 11.10322 9.96351 11.98025 11.01352 16.74147 12.01765 11.95663 12.41853 10.19510 10.92003 12.89453 13.38523 12.58343 11.83052 11.23518 13.38736 11.29166 13.89266
10.78649 12.98633 10.21719 10.83612 12.56079 10.00153 12.26389 10.53496 13.91079 11.36241 10.29863 11.23072 12.19014 10.71328 11.00612 10.54864 8.49890 11.56862 13.05808 10.75034 12.08489 11.74804 11.50998 12.60380 11.86844 12.66772 10.58814 12.18427 10.40992 10.64815 11.28222 10.94477 10.24715 8.84529 12.11499 11.57222 14.71871 13.08952 11.13209 10.85423 9.86409 10.74109 12.47499 12.95558 11.05931 11.37673 9.15376 12.10504 11.17132 11.85712
13.92798 13.63863 11.21112 12.03359 12.22675 12.08563 14.13698 11.67311 14.04399 10.46771 11.56447 11.33025 14.17166 11.62294 11.83200 11.59387 9.92111 12.57925 13.90159 12.37512 12.64331 13.24342 13.39562 13.71256 13.97192 14.72436 11.42500 11.97091 12.95542 12.31853 12.89508 11.90636 11.08765 10.20202 13.42460 12.73833 15.13255 13.21002 13.78324 13.21844 11.46896 11.82018 13.89831 13.84900 13.74528 12.93422 10.65151 14.53285 12.32716 12.33775
13.77142 13.92268 9.29957 10.78942 10.89159 10.32567 12.20658 10.38180 11.72220 8.88866 9.12436 10.29700 11.66283 10.24811 10.56755 10.90101 9.23092 12.70035 11.32412 10.65177 11.94352 11.24611 11.88745 10.53728 12.61855 12.45460 10.47752 10.11456 10.52253 11.13199 9.75815 9.64371 9.58261 8.75391 11.02948 10.84499 14.01994 12.48145 12.40100 11.04054 9.75713 10.07851 10.70348 11.12725 11.03097 9.78946 9.81356 13.81072 10.73860 11.85875
12.17800 11.70684 9.55698 10.40605 10.52111 9.82658 13.26790 10.65850 12.94638 10.19387 9.32726 9.97007 11.31877 10.84929 10.28336 9.36556 8.86926 10.82369 11.53716 10.64116 12.10846 12.75711 10.64847 11.62913 11.70962 12.39461 9.49570 10.65070 11.54481 11.54650 11.23823 11.05263 11.26386 9.32173 13.17633 10.86349 13.59941 12.58648 11.01812 10.97006 9.51982 10.84103 12.07940 12.82124 11.18834 11.55497 8.02026 12.68618 11.62009 10.94558
13.19514 12.26154 9.28944 10.87668 10.61936 9.54020 11.54662 10.21940 11.55253 9.49016 8.69548 10.21977 11.71387 9.25106 10.11499 9.77246 8.69854 11.14848 12.19016 10.76945 11.07045 10.86237 11.46946 11.23629 11.32934 11.76022 9.35545 10.78222 10.36745 10.28354 10.46092 10.39354 9.31836 9.24577 12.06489 8.96618 13.26152 13.01679 11.35469 11.04060 8.83399 10.72228 11.81258 12.11612 13.22172 10.69394 9.51932 11.41076 10.15438 10.76659
12.19142 13.69999 10.62249 11.72914 12.56349 10.26548 13.69594 11.16088 12.76656 10.01211 9.83030 10.34944 12.08924 10.94586 11.21013 11.31494 9.62902 12.50124 12.82149 10.80817 12.35119 12.48821 13.64862 13.29899 12.13401 11.79920 10.39579 10.71110 12.30023 10.97776 11.85008 10.84831 9.47956 9.57212 12.77264 10.19721 13.41487 13.02780 12.84508 11.51995 9.99320 11.78339 13.26173 12.89977 12.04139 11.52982 10.53711 12.44882 11.27887 11.43367
12.86849 13.06403 10.62710 11.19764 11.88465 11.17521 12.60652 11.44300 14.07110 10.33008 9.41507 11.65377 12.63180 10.83753 11.41378 10.49885 9.00212 12.25781 11.69311 11.29688 12.83900 11.94087 11.10557 12.43617 12.63105 13.06942 11.45300 10.95902 12.20369 10.81678 12.03661 11.33667 10.34599 9.54589 11.81029 12.39609 14.73259 12.24578 12.36724 11.86852 10.69703 10.43058 12.86707 12.60069 12.33784 11.49787 10.13288 14.27427 10.45195 12.27696
12.46498 15.64851 11.62635 12.73058 12.81738 11.13222 13.26576 11.81084 14.25293 10.92520 11.30203 10.67741 12.84537 13.09339 12.18074 12.60305 9.91182 12.69918 13.14751 11.89252 13.93148 13.63540 12.38764 12.73316 13.66702 13.99868 12.13433 11.97458 11.58653 12.16422 11.60871 11.62532 10.72021 10.46472 13.10464 12.29096 16.42707 12.75937 12.68018 12.28456 11.87701 10.78116 13.70980 13.75259 11.79582 11.50158 11.09637 14.83279 12.77274 13.16525
14.29775 16.26882 11.89799 14.53854 13.41627 12.97368 14.04883 12.93004 15.84555 11.67084 11.44355 12.24495 14.27356 12.24120 14.12992 12.92266 11.55430 15.74163 14.35355 13.09204 14.17777 13.93661 13.51474 14.06339 15.22281 15.51116 13.71440 13.68159 11.92752 13.54077 12.33540 12.34574 12.07074 12.61175 14.60000 13.11023 18.06430 14.26920 14.76492 13.26315 13.07405 13.55499 14.53276 15.71565 14.10172 13.85961 11.77306 15.96074 13.40690 14.61615
13.60082 14.38658 10.27380 12.05567 10.97891 11.19502 13.82456 11.50196 13.88710 9.98163 10.80941 11.57247 12.58265 11.80512 11.46136 11.49982 9.73456 12.64080 12.19797 10.57470 14.36746 13.49308 12.52151 13.22093 12.62575 14.02711 10.96056 10.16647 11.46283 11.48585 11.87187 10.68564 10.21730 10.67200 12.22853 11.72266 16.06176 13.38520 12.13927 12.11411 10.27984 10.63592 13.56422 12.42856 13.11424 11.96713 10.80855 14.19520 11.04419 12.26576
14.23015 16.26995 13.07463 12.89468 13.72458 12.49767 14.17599 12.87969 15.23625 11.52841 11.41932 13.01670 13.05746 12.13994 12.41567 13.37947 11.21091 14.07474 14.48168 13.16429 14.53939 14.00263 12.68746 14.88949 14.92125 16.16709 13.01568 12.70029 11.85027 13.79096 11.64142 11.93072 11.48999 10.20831 14.20901 14.30149 16.48730 12.84347 14.10882 13.13863 12.17204 13.00095 14.47968 14.07983 12.47016 13.07473 11.13299 14.93605 13.97965 13.86676
13.04790 13.98860 9.87735 11.12327 12.96970 11.86199 13.59352 11.41716 13.25592 10.69418 10.28993 10.18398 12.71592 10.25595 11.00154 11.04959 9.03144 13.24174 13.52086 11.79748 11.28989 12.12650 11.68167 12.49674 14.22809 13.57304 11.46213 11.04437 11.62899 12.27245 11.13154 11.03741 11.01480 9.17484 13.04753 10.90588 15.70215 12.37280 12.78248 11.84681 10.88087 11.10181 12.20861 13.49304 10.54172 11.07611 9.32018 13.47442 12.62062 12.31656
14.81236 15.95892 11.51321 13.09112 12.86459 12.05946 14.16489 11.44107 15.42908 12.12887 12.33199 11.90293 13.99668 12.11502 13.22384 12.29317 10.67127 13.68782 15.01702 12.19652 13.32736 13.82227 13.59777 13.50797 14.87963 15.90149 12.36863 12.86557 12.10983 13.35085 12.79181 12.31632 11.89737 10.05760 13.72016 12.52693 16.84798 14.25267 13.68303 14.08032 11.54677 12.64207 13.87184 14.61996 13.10194 12.90399 11.92856 14.41438 13.69993 12.85664
15.57690 15.65003 12.47233 13.32560 13.56811 11.83040 14.60710 11.35668 15.89807 11.68112 12.10295 11.84042 14.93856 12.43519 13.10842 12.50227 11.16559 14.62081 14.73337 12.48244 13.37510 13.27750 14.36181 15.14625 14.68302 15.61120 13.06795 14.90166 12.45679 13.17185 13.59487 12.95255 11.34574 10.42419 13.44098 14.24896 16.07471 15.59339 13.94430 12.77693 10.93864 12.47548 14.90064 14.85673 13.22675 12.54365 10.62456 14.78839 13.03244 13.02860
14.14120 14.51982 10.93051 13.24116 12.70557 13.61233 14.97267 12.49443 13.43426 11.11942 11.06423 10.58059 13.73695 11.97995 12.54195 12.64796 10.70430 14.04117 14.84531 11.20625 12.88346 14.27815 13.35998 14.68242 14.65943 15.16509 10.48170 12.91638 12.77781 12.84896 12.23559 13.07073 12.07830 11.64022 14.23545 12.40758 16.27049 13.79642 12.81447 12.48657 11.09319 12.01039 14.21498 14.96790 13.50877 12.39529 11.10042 14.12894 12.06907 13.47025
12.42103 13.54014 10.11014 11.39238 12.06622 11.12082 14.55739 11.06491 13.61925 9.78582 10.96032 11.22542 13.45613 11.35972 11.67685 12.25875 10.06101 12.63162 13.37787 12.32101 13.37659 13.16379 13.05934 13.56825 12.30607 13.63520 12.01795 12.44000 12.46034 12.07245 13.08190 11.33336 10.38397 10.99024 13.52172 12.46074 15.93099 13.91377 12.66313 12.11765 11.35603 12.32503 13.96086 14.01851 12.83770 12.44953 9.85443 14.18150 12.43751 12.59644
11.96708 13.84338 9.63234 11.43133 12.15776 10.55017 13.07121 10.73425 13.86010 10.45868 10.16307 10.22267 11.94559 11.34315 11.12148 10.73246 9.17521 11.86099 13.02078 11.98827 12.39613 12.13747 12.49400 12.87458 12.03414 13.27329 11.46014 11.06301 11.39347 11.56346 11.60011 11.31989 10.02615 10.18903 13.46877 10.20035 14.78919 12.55459 12.40877 11.39039 10.23877 11.77018 13.48039 14.07260 11.14063 11.55068 9.85728 13.96934 11.50219 12.63798
14.56665 15.99109 12.74441 13.04684 14.74188 12.60209 14.74483 12.76539 15.94070 12.24078 11.93187 13.11022 15.47805 11.63674 13.17439 13.10751 11.59135 13.53778 15.44236 13.51106 14.55996 14.36675 13.65010 15.34313 14.67822 15.36796 13.40079 13.80613 13.24329 13.05509 13.02727 12.92090 11.05033 10.96771 15.41261 13.88105 17.42787 14.91999 14.23962 13.69699 13.35891 13.78242 15.21692 15.88206 14.03227 14.95599 11.73264 14.57480 13.72286 14.57461
15.52469 16.64405 11.93952 13.51175 13.43250 12.90203 14.89094 13.65883 15.55816 12.36228 11.93537 13.43167 15.00505 12.79102 14.57553 13.18925 11.78414 14.62618 15.84985 13.85587 14.81186 15.20525 14.20535 13.58409 15.17447 15.61184 13.41037 14.35085 13.80771 14.66086 14.44394 13.22050 13.58661 11.92429 14.48658 12.11633 17.67273 14.46189 15.76857 14.42746 12.56903 14.10153 14.98366 16.22423 15.65710 14.46107 12.46019 15.10492 14.32176 14.55597
13.69718 14.41590 10.41145 13.34793 12.90479 13.33628 14.86839 13.26898 14.38376 12.21929 11.45082 11.51031 13.36012 11.73453 13.43807 12.12921 10.94828 13.98471 14.94656 12.73341 13.40253 14.37046 12.91011 14.38074 14.76387 15.05152 11.34637 12.96381 13.76351 12.83488 12.74425 12.33401 12.64369 11.07626 15.54722 11.72878 16.35434 14.64766 13.73317 13.44993 11.33279 13.96454 15.29639 15.29479 14.12784 13.01222 11.58062 14.69247 13.17643 13.62121
14.79560 14.50629 10.56533 12.21157 11.66597 12.10456 12.94490 11.86703 13.51126 10.18134 11.18864 11.08205 12.46132 11.51936 11.82262 11.46319 9.91006 12.65590 13.59426 11.75858 13.55294 13.24923 12.88196 12.92109 13.86039 13.98128 10.28782 11.00581 11.82366 11.86256 11.08350 11.50167 11.96019 10.02957 13.71583 11.12051 14.77014 13.32379 11.99430 11.90817 10.89951 11.18091 12.87997 13.66069 13.06982 11.63472 10.97751 13.50784 11.29757 12.15975
14.05029 14.95532 11.37250 13.02715 12.92681 12.33700 13.57806 12.56960 14.68719 11.84472 11.86427 11.99134 13.59438 11.19632 13.66958 11.83161 9.93141 14.79205 14.49763 12.61889 12.55497 12.93690 13.27485 13.62207 14.82869 15.31216 11.90797 13.06383 11.82422 12.29458 12.69323 11.84652 11.77103 10.53950 13.36357 11.73342 16.34198 14.55988 12.80355 12.37743 11.49101 12.12988 13.09953 14.24954 13.21105 12.46410 11.25639 14.01164 11.93077 13.58561
16.31036 16.80125 11.50021 13.59348 15.00291 13.84115 16.08053 12.82493 15.43565 12.01463 12.43160 11.57324 15.93308 13.35971 13.69924 13.14485 11.47781 15.13149 15.72108 13.16206 14.34808 14.74371 14.53739 14.74039 15.59936 15.64948 13.43018 14.64704 13.82854 13.59693 13.12957 13.16182 11.91484 11.82848 15.58152 13.62086 18.08113 15.87803 15.94279 13.88283 12.64318 13.75637 15.69290 15.65309 13.77531 14.44915 11.58698 16.88276 14.08524 14.47372
11.35594 13.28213 10.10247 11.17390 11.89200 9.76255 12.15331 10.68426 12.98996 10.01802 10.29493 10.52384 11.49388 9.46552 10.74854 10.25544 9.15051 11.35026 11.99072 10.31187 11.72130 11.86121 10.53755 11.25863 11.64167 12.96933 10.48068 10.00430 10.23596 11.57453 10.56204 10.21907 10.42963 9.27044 11.72041 10.67142 13.51337 11.69178 12.09174 10.67889 10.09012 10.23882 11.95117 12.76466 10.91330 11.12561 8.97691 12.68787 11.36211 11.58337
11.84003 13.70400 10.06115 11.26749 11.34432 11.23133 12.20104 11.60583 13.10230 10.18837 9.78552 11.32632 12.01805 9.93116 11.49585 11.13296 9.53573 11.98674 12.02281 10.62761 12.34310 11.58106 10.88986 12.39610 12.73850 12.75531 10.39364 11.11690 10.82906 11.38639 10.03280 10.70167 10.08377 8.72063 12.15599 10.54476 14.53724 11.67579 12.57323 11.31619 9.90390 11.08233 13.48791 12.74200 11.38281 11.27924 8.68447 12.82461 10.73430 12.00195
11.67085 13.05744 8.79810 11.55959 11.30292 12.56896 13.46982 11.57668 12.06067 9.23550 10.26838 10.52175 11.79718 10.72091 10.99734 11.17480 8.85031 13.38646 12.80109 10.60214 12.47265 11.75598 11.51661 12.24042 11.35166 11.90657 10.81420 11.42314 11.33862 10.96389 11.79703 10.40922 10.30403 9.57039 13.45518 10.46027 14.23916 11.91241 12.18131 10.88389 10.54254 11.58966 11.34753 12.65836 10.42425 11.36591 9.18830 13.23390 10.63446 11.04279
11.91883 13.28237 10.47393 11.40392 10.53154 10.72739 10.78506 10.83521 12.62329 9.51117 8.50517 9.36270 11.49693 10.87158 10.80618 11.56116 9.57778 12.13330 11.70133 9.90248 11.58265 11.55844 10.12863 11.58391 13.72608 13.36232 10.30564 10.37853 9.35026 11.06775 8.84269 9.83522 9.28821 8.77836 10.20774 11.14795 13.77714 9.29031 11.72798 10.83767 10.00133 9.93973 11.72814 11.46036 10.80430 10.37375 9.98500 12.66489 11.17324 11.95549
15.24960 16.68860 12.08211 13.42254 13.81190 12.52592 15.90750 13.25354 15.60891 12.63857 11.72974 12.63795 14.15053 12.17854 13.36765 11.80663 10.66068 14.50796 15.00297 12.28632 15.11267 14.61849 13.11099 14.06784 14.83873 15.04452 13.85416 12.94422 13.78564 14.14089 12.97389 12.33531 12.09594 11.92291 14.43925 13.26719 17.52544 14.38113 15.49478 13.78468 12.45594 13.23148 15.06649 15.01971 14.42928 13.90788 11.26002 15.02791 15.15500 14.27583
13.47047 14.26882 10.84991 12.62998 12.09666 11.89887 14.12091 11.54433 13.84325 10.92191 10.56414 11.83748 13.10959 11.38993 11.60130 12.90641 10.54662 13.96469 13.37052 11.52925 12.78127 12.69137 12.31289 13.99560 13.93569 13.60887 12.09916 10.74315 11.68630 11.39881 11.97128 10.54155 10.66816 10.38423 13.54536 11.14400 14.72170 12.59321 12.57784 12.03738 11.89476 11.45029 14.00850 13.57188 12.14702 12.51228 11.41808 13.49798 11.72833 12.27180
13.95562 13.42091 10.80375 12.65590 11.62220 11.79874 14.39790 12.10040 13.13465 11.02832 10.43014 12.79718 13.72607 10.88479 12.77271 13.11765 11.57452 13.09472 13.76719 11.38263 12.94109 13.06002 12.66005 13.49170 14.12739 13.79981 11.63321 12.82051 12.50049 12.29737 12.79528 11.37688 11.39827 9.93130 13.66465 11.48310 16.20126 14.18655 12.97727 13.26374 11.54818 12.20380 13.74438 13.65349 13.81723 12.13370 11.34733 13.26101 12.65842 12.40317
11.90256 13.55627 10.03968 11.56729 10.49863 10.86498 12.30449 10.93419 12.35182 10.79116 9.47886 11.10192 12.14246 11.28954 11.27817 11.38494 8.66907 13.48503 13.17338 10.98085 11.74172 11.76751 11.10021 11.98728 13.43944 13.06362 11.08521 11.64760 11.15002 10.60081 10.23301 10.05247 9.63139 9.64456 11.42010 10.66503 15.15044 11.33815 11.98548 11.78333 11.19684 11.55323 13.01406 11.96193 11.94045 11.92626 9.35834 12.72873 10.56067 11.24783
13.77803 14.13893 10.50146 12.13573 12.67861 10.81548 13.95763 10.94447 14.56121 11.42210 11.75618 11.26152 13.65527 11.73031 12.48516 11.48586 10.02275 13.57953 13.87549 12.55236 12.52466 12.72368 13.97319 13.32692 13.16597 14.05359 11.13775 13.34557 11.44124 12.37615 12.04570 11.90096 10.88791 10.59351 14.02572 12.55942 16.34487 14.81617 12.27211 12.29285 11.20047 12.27382 13.13584 13.95343 13.30862 12.48470 9.88549 13.52589 11.81332 11.94010
11.43650 13.47139 10.35285 11.94627 11.64508 10.21935 12.61073 9.82304 13.83953 11.02751 10.22763 9.76261 12.27757 10.57460 10.92272 10.17843 9.24698 12.33069 13.38304 10.07298 11.51361 11.67048 12.43040 12.44176 11.49737 12.11830 10.59804 12.16772 10.97935 12.42979 12.01852 11.77831 11.15667 9.98917 13.27055 11.23540 14.28574 12.81848 11.20171 11.26775 9.96387 11.04588 11.74191 14.35253 11.97392 11.79678 9.72471 12.03373 11.99213 11.19499
11.26242 11.51251 7.99078 9.59695 9.74523 8.99492 10.97437 9.21710 11.74599 9.28327 9.04614 8.67439 9.91712 9.11090 10.02016 9.62964 7.58876 11.86392 11.57145 9.76739 10.21615 10.91072 10.47310 10.45749 11.58691 11.48700 9.29726 9.41922 9.21654 9.34565 8.84266 9.64363 8.84466 8.91127 9.77099 8.92518 13.63159 11.29522 8.98577 9.80645 8.14904 9.88539 11.04572 11.92695 10.35179 10.09528 8.10485 11.09450 8.29290 10.02740
12.47857 14.15043 12.22095 12.02929 12.62441 11.80096 12.85706 11.35705 14.12227 10.88565 9.71177 10.71674 13.26217 10.58349 12.25255 11.00045 9.70579 12.42555 13.59636 11.65208 11.81917 11.87904 12.08856 13.65711 14.02767 13.41168 11.98774 12.53958 12.43893 12.59732 11.30135 12.37641 10.48427 9.40569 13.61222 12.08508 14.30843 12.07324 13.85215 11.85730 11.48138 12.93919 13.39326 13.27836 11.39312 11.72550 10.28030 13.03728 13.27431 12.45759
13.31604 13.70541 11.08694 10.46259 11.73388 10.29989 12.78809 11.31524 14.77272 10.77988 10.21009 11.00093 13.28128 10.84983 12.28164 10.63724 9.50253 11.65993 12.47304 12.46465 13.13973 11.75872 12.10909 11.67314 13.03004 12.82779 12.15895 11.36463 11.96830 12.05982 12.09036 11.87197 10.88344 9.79607 12.05869 12.69080 14.13891 12.36876 11.53399 12.04147 11.44646 10.37668 13.26388 13.04743 12.88369 11.53862 10.33496 13.90089 11.78576 12.56227

